File: evenDescOddAsc.csv
Sort: Bubble Sort Distance from Sorted

10000000 99800
20000000 99600
30000000 99400
40000000 99200
50000000 98997
60000000 98798
70000000 98596
80000000 98394
90000000 98192
100000000 97989
110000000 97788
120000000 97586
130000000 97384
140000000 97181
150000000 96977
160000000 96774
170000000 96572
180000000 96368
190000000 96164
200000000 95960
210000000 95756
220000000 95552
230000000 95346
240000000 95141
250000000 94935
260000000 94732
270000000 94526
280000000 94319
290000000 94114
300000000 93908
310000000 93701
320000000 93496
330000000 93287
340000000 93082
350000000 92873
360000000 92666
370000000 92457
380000000 92250
390000000 92042
400000000 91834
410000000 91625
420000000 91416
430000000 91208
440000000 90998
450000000 90788
460000000 90578
470000000 90368
480000000 90158
490000000 89948
500000000 89738
510000000 89526
520000000 89315
530000000 89104
540000000 88892
550000000 88680
560000000 88467
570000000 88256
580000000 88043
590000000 87830
600000000 87617
610000000 87404
620000000 87189
630000000 86976
640000000 86762
650000000 86547
660000000 86333
670000000 86120
680000000 85904
690000000 85688
700000000 85474
710000000 85258
720000000 85042
730000000 84824
740000000 84608
750000000 84392
760000000 84174
770000000 83957
780000000 83740
790000000 83522
800000000 83303
810000000 83086
820000000 82866
830000000 82648
840000000 82428
850000000 82210
860000000 81989
870000000 81770
880000000 81550
890000000 81329
900000000 81108
910000000 80888
920000000 80666
930000000 80444
940000000 80222
950000000 80000
960000000 79778
970000000 79556
980000000 79332
990000000 79109
1000000000 78886
1010000000 78662
1020000000 78438
1030000000 78214
1040000000 77990
1050000000 77763
1060000000 77540
1070000000 77314
1080000000 77087
1090000000 76862
1100000000 76636
1110000000 76409
1120000000 76182
1130000000 75956
1140000000 75728
1150000000 75500
1160000000 75272
1170000000 75044
1180000000 74814
1190000000 74585
1200000000 74355
1210000000 74126
1220000000 73898
1230000000 73665
1240000000 73436
1250000000 73205
1260000000 72974
1270000000 72743
1280000000 72512
1290000000 72280
1300000000 72047
1310000000 71814
1320000000 71582
1330000000 71348
1340000000 71114
1350000000 70880
1360000000 70646
1370000000 70412
1380000000 70176
1390000000 69941
1400000000 69706
1410000000 69470
1420000000 69233
1430000000 68998
1440000000 68760
1450000000 68524
1460000000 68285
1470000000 68048
1480000000 67810
1490000000 67571
1500000000 67332
1510000000 67094
1520000000 66854
1530000000 66614
1540000000 66374
1550000000 66132
1560000000 65891
1570000000 65649
1580000000 65408
1590000000 65166
1600000000 64923
1610000000 64682
1620000000 64437
1630000000 64196
1640000000 63952
1650000000 63707
1660000000 63462
1670000000 63218
1680000000 62972
1690000000 62728
1700000000 62482
1710000000 62234
1720000000 61988
1730000000 61740
1740000000 61493
1750000000 61246
1760000000 60998
1770000000 60747
1780000000 60500
1790000000 60249
1800000000 60000
1810000000 59750
1820000000 59500
1830000000 59247
1840000000 58997
1850000000 58745
1860000000 58493
1870000000 58239
1880000000 57988
1890000000 57734
1900000000 57480
1910000000 57225
1920000000 56972
1930000000 56715
1940000000 56462
1950000000 56206
1960000000 55947
1970000000 55692
1980000000 55436
1990000000 55178
2000000000 54920
2010000000 54662
2020000000 54402
2030000000 54141
2040000000 53884
2050000000 53624
2060000000 53361
2070000000 53102
2080000000 52840
2090000000 52577
2100000000 52316
2110000000 52052
2120000000 51790
2130000000 51526
2140000000 51262
2150000000 50996
2160000000 50732
2170000000 50466
2180000000 50200
2190000000 49934
2200000000 49665
2210000000 49398
2220000000 49130
2230000000 48861
2240000000 48593
2250000000 48324
2260000000 48054
2270000000 47783
2280000000 47511
2290000000 47242
2300000000 46970
2310000000 46695
2320000000 46424
2330000000 46149
2340000000 45876
2350000000 45602
2360000000 45328
2370000000 45052
2380000000 44776
2390000000 44498
2400000000 44222
2410000000 43944
2420000000 43665
2430000000 43388
2440000000 43107
2450000000 42828
2460000000 42548
2470000000 42268
2480000000 41986
2490000000 41704
2500000000 41422
2510000000 41138
2520000000 40854
2530000000 40569
2540000000 40286
2550000000 40000
2560000000 39713
2570000000 39428
2580000000 39140
2590000000 38852
2600000000 38564
2610000000 38274
2620000000 37985
2630000000 37694
2640000000 37404
2650000000 37112
2660000000 36819
2670000000 36528
2680000000 36234
2690000000 35940
2700000000 35646
2710000000 35349
2720000000 35056
2730000000 34758
2740000000 34462
2750000000 34163
2760000000 33866
2770000000 33566
2780000000 33266
2790000000 32966
2800000000 32664
2810000000 32361
2820000000 32060
2830000000 31755
2840000000 31452
2850000000 31148
2860000000 30842
2870000000 30536
2880000000 30230
2890000000 29922
2900000000 29613
2910000000 29306
2920000000 28996
2930000000 28685
2940000000 28374
2950000000 28062
2960000000 27749
2970000000 27436
2980000000 27122
2990000000 26805
3000000000 26490
3010000000 26174
3020000000 25856
3030000000 25538
3040000000 25220
3050000000 24899
3060000000 24578
3070000000 24255
3080000000 23934
3090000000 23612
3100000000 23288
3110000000 22962
3120000000 22635
3130000000 22310
3140000000 21981
3150000000 21654
3160000000 21326
3170000000 20994
3180000000 20664
3190000000 20331
3200000000 19998
3210000000 19666
3220000000 19329
3230000000 18993
3240000000 18657
3250000000 18320
3260000000 17982
3270000000 17642
3280000000 17301
3290000000 16959
3300000000 16617
3310000000 16274
3320000000 15930
3330000000 15584
3340000000 15237
3350000000 14889
3360000000 14542
3370000000 14192
3380000000 13839
3390000000 13488
3400000000 13136
3410000000 12782
3420000000 12426
3430000000 12069
3440000000 11712
3450000000 11354
3460000000 10994
3470000000 10634
3480000000 10269
3490000000 9908
3500000000 9544
3510000000 9177
3520000000 8810
3530000000 8442
3540000000 8072
3550000000 7701
3560000000 7329
3570000000 6956
3580000000 6582
3590000000 6206
3600000000 5828
3610000000 5450
3620000000 5070
3630000000 4688
3640000000 4305
3650000000 3921
3660000000 3536
3670000000 3147
3680000000 2760
3690000000 2370
3700000000 1977
3710000000 1586
3720000000 1190
3730000000 794
3740000000 398
3750000000 0
3760000000 0
3770000000 0
3780000000 0
3790000000 0
3800000000 0
3810000000 0
3820000000 0
3830000000 0
3840000000 0
3850000000 0
3860000000 0
3870000000 0
3880000000 0
3890000000 0
3900000000 0
3910000000 0
3920000000 0
3930000000 0
3940000000 0
3950000000 0
3960000000 0
3970000000 0
3980000000 0
3990000000 0
4000000000 0
4010000000 0
4020000000 0
4030000000 0
4040000000 0
4050000000 0
4060000000 0
4070000000 0
4080000000 0
4090000000 0
4100000000 0
4110000000 0
4120000000 0
4130000000 0
4140000000 0
4150000000 0
4160000000 0
4170000000 0
4180000000 0
4190000000 0
4200000000 0
4210000000 0
4220000000 0
4230000000 0
4240000000 0
4250000000 0
4260000000 0
4270000000 0
4280000000 0
4290000000 0
4300000000 0
4310000000 0
4320000000 0
4330000000 0
4340000000 0
4350000000 0
4360000000 0
4370000000 0
4380000000 0
4390000000 0
4400000000 0
4410000000 0
4420000000 0
4430000000 0
4440000000 0
4450000000 0
4460000000 0
4470000000 0
4480000000 0
4490000000 0
4500000000 0
4510000000 0
4520000000 0
4530000000 0
4540000000 0
4550000000 0
4560000000 0
4570000000 0
4580000000 0
4590000000 0
4600000000 0
4610000000 0
4620000000 0
4630000000 0
4640000000 0
4650000000 0
4660000000 0
4670000000 0
4680000000 0
4690000000 0
4700000000 0
4710000000 0
4720000000 0
4730000000 0
4740000000 0
4750000000 0
4760000000 0
4770000000 0
4780000000 0
4790000000 0
4800000000 0
4810000000 0
4820000000 0
4830000000 0
4840000000 0
4850000000 0
4860000000 0
4870000000 0
4880000000 0
4890000000 0
4900000000 0
4910000000 0
4920000000 0
4930000000 0
4940000000 0
4950000000 0
4960000000 0
4970000000 0
4980000000 0
4990000000 0
4999950000 0
