File: mostly_sorted_numbers.csv
Sort: Bubble Sort Distance from Sorted

10000000 99892
20000000 99792
30000000 99692
40000000 99592
50000000 99491
60000000 99391
70000000 99290
80000000 99189
90000000 99088
100000000 98987
110000000 98886
120000000 98785
130000000 98684
140000000 98583
150000000 98481
160000000 98379
170000000 98278
180000000 98176
190000000 98074
200000000 97971
210000000 97870
220000000 97768
230000000 97665
240000000 97563
250000000 97460
260000000 97358
270000000 97255
280000000 97152
290000000 97049
300000000 96945
310000000 96843
320000000 96740
330000000 96636
340000000 96533
350000000 96429
360000000 96325
370000000 96220
380000000 96117
390000000 96013
400000000 95909
410000000 95805
420000000 95699
430000000 95596
440000000 95491
450000000 95386
460000000 95282
470000000 95175
480000000 95071
490000000 94966
500000000 94861
510000000 94754
520000000 94650
530000000 94544
540000000 94438
550000000 94332
560000000 94226
570000000 94120
580000000 94014
590000000 93906
600000000 93801
610000000 93694
620000000 93587
630000000 93480
640000000 93373
650000000 93266
660000000 93159
670000000 93052
680000000 92944
690000000 92836
700000000 92728
710000000 92621
720000000 92513
730000000 92405
740000000 92296
750000000 92188
760000000 92079
770000000 91971
780000000 91862
790000000 91753
800000000 91644
810000000 91535
820000000 91425
830000000 91316
840000000 91206
850000000 91097
860000000 90987
870000000 90877
880000000 90767
890000000 90657
900000000 90546
910000000 90435
920000000 90325
930000000 90214
940000000 90103
950000000 89992
960000000 89881
970000000 89770
980000000 89658
990000000 89547
1000000000 89435
1010000000 89323
1020000000 89211
1030000000 89099
1040000000 88987
1050000000 88874
1060000000 88762
1070000000 88649
1080000000 88536
1090000000 88423
1100000000 88310
1110000000 88197
1120000000 88082
1130000000 87970
1140000000 87856
1150000000 87742
1160000000 87628
1170000000 87514
1180000000 87400
1190000000 87285
1200000000 87170
1210000000 87056
1220000000 86941
1230000000 86826
1240000000 86710
1250000000 86595
1260000000 86479
1270000000 86364
1280000000 86248
1290000000 86132
1300000000 86016
1310000000 85899
1320000000 85783
1330000000 85665
1340000000 85549
1350000000 85432
1360000000 85315
1370000000 85198
1380000000 85081
1390000000 84963
1400000000 84845
1410000000 84726
1420000000 84609
1430000000 84491
1440000000 84372
1450000000 84254
1460000000 84135
1470000000 84015
1480000000 83897
1490000000 83778
1500000000 83658
1510000000 83538
1520000000 83419
1530000000 83299
1540000000 83178
1550000000 83059
1560000000 82938
1570000000 82818
1580000000 82697
1590000000 82576
1600000000 82455
1610000000 82333
1620000000 82212
1630000000 82090
1640000000 81968
1650000000 81846
1660000000 81724
1670000000 81601
1680000000 81479
1690000000 81356
1700000000 81233
1710000000 81110
1720000000 80986
1730000000 80863
1740000000 80739
1750000000 80615
1760000000 80491
1770000000 80367
1780000000 80242
1790000000 80117
1800000000 79992
1810000000 79867
1820000000 79742
1830000000 79615
1840000000 79491
1850000000 79365
1860000000 79239
1870000000 79113
1880000000 78986
1890000000 78859
1900000000 78732
1910000000 78604
1920000000 78478
1930000000 78351
1940000000 78223
1950000000 78094
1960000000 77966
1970000000 77838
1980000000 77710
1990000000 77581
2000000000 77452
2010000000 77323
2020000000 77193
2030000000 77064
2040000000 76934
2050000000 76804
2060000000 76674
2070000000 76543
2080000000 76412
2090000000 76281
2100000000 76150
2110000000 76019
2120000000 75887
2130000000 75755
2140000000 75622
2150000000 75491
2160000000 75358
2170000000 75225
2180000000 75092
2190000000 74959
2200000000 74825
2210000000 74692
2220000000 74557
2230000000 74424
2240000000 74289
2250000000 74153
2260000000 74019
2270000000 73884
2280000000 73749
2290000000 73613
2300000000 73477
2310000000 73341
2320000000 73204
2330000000 73068
2340000000 72931
2350000000 72793
2360000000 72656
2370000000 72518
2380000000 72380
2390000000 72242
2400000000 72103
2410000000 71965
2420000000 71825
2430000000 71686
2440000000 71546
2450000000 71407
2460000000 71266
2470000000 71126
2480000000 70984
2490000000 70844
2500000000 70703
2510000000 70561
2520000000 70420
2530000000 70277
2540000000 70135
2550000000 69992
2560000000 69849
2570000000 69706
2580000000 69562
2590000000 69418
2600000000 69274
2610000000 69130
2620000000 68985
2630000000 68840
2640000000 68695
2650000000 68549
2660000000 68402
2670000000 68256
2680000000 68110
2690000000 67963
2700000000 67816
2710000000 67668
2720000000 67520
2730000000 67372
2740000000 67223
2750000000 67074
2760000000 66925
2770000000 66775
2780000000 66626
2790000000 66475
2800000000 66325
2810000000 66174
2820000000 66022
2830000000 65871
2840000000 65719
2850000000 65567
2860000000 65414
2870000000 65261
2880000000 65108
2890000000 64954
2900000000 64800
2910000000 64645
2920000000 64489
2930000000 64335
2940000000 64179
2950000000 64023
2960000000 63867
2970000000 63710
2980000000 63553
2990000000 63396
3000000000 63238
3010000000 63079
3020000000 62921
3030000000 62762
3040000000 62601
3050000000 62442
3060000000 62282
3070000000 62121
3080000000 61960
3090000000 61798
3100000000 61636
3110000000 61473
3120000000 61310
3130000000 61148
3140000000 60984
3150000000 60820
3160000000 60654
3170000000 60490
3180000000 60325
3190000000 60159
3200000000 59992
3210000000 59825
3220000000 59658
3230000000 59490
3240000000 59322
3250000000 59153
3260000000 58984
3270000000 58814
3280000000 58644
3290000000 58473
3300000000 58302
3310000000 58130
3320000000 57958
3330000000 57785
3340000000 57611
3350000000 57438
3360000000 57263
3370000000 57089
3380000000 56913
3390000000 56737
3400000000 56560
3410000000 56384
3420000000 56206
3430000000 56028
3440000000 55849
3450000000 55670
3460000000 55490
3470000000 55309
3480000000 55128
3490000000 54947
3500000000 54763
3510000000 54581
3520000000 54398
3530000000 54214
3540000000 54029
3550000000 53844
3560000000 53657
3570000000 53471
3580000000 53284
3590000000 53096
3600000000 52907
3610000000 52718
3620000000 52528
3630000000 52337
3640000000 52146
3650000000 51954
3660000000 51761
3670000000 51567
3680000000 51373
3690000000 51178
3700000000 50982
3710000000 50786
3720000000 50587
3730000000 50390
3740000000 50192
3750000000 49992
3760000000 49792
3770000000 49590
3780000000 49388
3790000000 49185
3800000000 48982
3810000000 48777
3820000000 48572
3830000000 48365
3840000000 48158
3850000000 47950
3860000000 47741
3870000000 47531
3880000000 47321
3890000000 47109
3900000000 46896
3910000000 46682
3920000000 46468
3930000000 46252
3940000000 46035
3950000000 45818
3960000000 45599
3970000000 45379
3980000000 45158
3990000000 44936
4000000000 44713
4010000000 44489
4020000000 44264
4030000000 44037
4040000000 43810
4050000000 43581
4060000000 43350
4070000000 43120
4080000000 42887
4090000000 42653
4100000000 42418
4110000000 42182
4120000000 41944
4130000000 41705
4140000000 41465
4150000000 41223
4160000000 40980
4170000000 40735
4180000000 40489
4190000000 40241
4200000000 39992
4210000000 39741
4220000000 39489
4230000000 39235
4240000000 38979
4250000000 38722
4260000000 38462
4270000000 38202
4280000000 37939
4290000000 37675
4300000000 37408
4310000000 37140
4320000000 36870
4330000000 36597
4340000000 36323
4350000000 36047
4360000000 35769
4370000000 35488
4380000000 35205
4390000000 34920
4400000000 34633
4410000000 34343
4420000000 34050
4430000000 33755
4440000000 33458
4450000000 33158
4460000000 32855
4470000000 32549
4480000000 32240
4490000000 31929
4500000000 31614
4510000000 31296
4520000000 30975
4530000000 30651
4540000000 30323
4550000000 29991
4560000000 29656
4570000000 29317
4580000000 28974
4590000000 28627
4600000000 28276
4610000000 27920
4620000000 27559
4630000000 27194
4640000000 26824
4650000000 26449
4660000000 26068
4670000000 25682
4680000000 25289
4690000000 24891
4700000000 24486
4710000000 24074
4720000000 23655
4730000000 23229
4740000000 22794
4750000000 22351
4760000000 21850
4770000000 21388
4780000000 20917
4790000000 20434
4800000000 19940
4810000000 19434
4820000000 18914
4830000000 18379
4840000000 17829
4850000000 17261
4860000000 16673
4870000000 16064
4880000000 15432
4890000000 14744
4900000000 14054
4910000000 13328
4920000000 12560
4930000000 11743
4940000000 10865
4950000000 9910
4960000000 8854
4970000000 7655
4980000000 6218
4990000000 3096
4999950000 0
