File: shuffled_numbers.csv
Sort: Bubble Sort Distance from Sorted

10000000 99900
20000000 99799
30000000 99697
40000000 99599
50000000 99497
60000000 99399
70000000 99297
80000000 99196
90000000 99096
100000000 98991
110000000 98894
120000000 98793
130000000 98692
140000000 98591
150000000 98488
160000000 98387
170000000 98284
180000000 98182
190000000 98082
200000000 97977
210000000 97876
220000000 97775
230000000 97672
240000000 97569
250000000 97467
260000000 97366
270000000 97260
280000000 97160
290000000 97057
300000000 96953
310000000 96850
320000000 96746
330000000 96643
340000000 96540
350000000 96437
360000000 96333
370000000 96228
380000000 96125
390000000 96020
400000000 95916
410000000 95813
420000000 95705
430000000 95603
440000000 95498
450000000 95393
460000000 95290
470000000 95184
480000000 95079
490000000 94973
500000000 94869
510000000 94763
520000000 94657
530000000 94551
540000000 94445
550000000 94339
560000000 94234
570000000 94127
580000000 94022
590000000 93915
600000000 93809
610000000 93702
620000000 93595
630000000 93488
640000000 93381
650000000 93274
660000000 93167
670000000 93059
680000000 92951
690000000 92841
700000000 92736
710000000 92629
720000000 92521
730000000 92410
740000000 92304
750000000 92196
760000000 92087
770000000 91975
780000000 91870
790000000 91760
800000000 91651
810000000 91541
820000000 91432
830000000 91324
840000000 91214
850000000 91104
860000000 90995
870000000 90883
880000000 90774
890000000 90663
900000000 90554
910000000 90443
920000000 90333
930000000 90221
940000000 90110
950000000 89999
960000000 89888
970000000 89777
980000000 89666
990000000 89555
1000000000 89442
1010000000 89329
1020000000 89217
1030000000 89106
1040000000 88994
1050000000 88882
1060000000 88770
1070000000 88657
1080000000 88543
1090000000 88431
1100000000 88317
1110000000 88203
1120000000 88091
1130000000 87975
1140000000 87863
1150000000 87750
1160000000 87634
1170000000 87522
1180000000 87407
1190000000 87290
1200000000 87176
1210000000 87063
1220000000 86947
1230000000 86833
1240000000 86717
1250000000 86603
1260000000 86486
1270000000 86371
1280000000 86255
1290000000 86139
1300000000 86023
1310000000 85905
1320000000 85790
1330000000 85669
1340000000 85554
1350000000 85439
1360000000 85321
1370000000 85206
1380000000 85089
1390000000 84969
1400000000 84852
1410000000 84735
1420000000 84617
1430000000 84499
1440000000 84378
1450000000 84262
1460000000 84143
1470000000 84024
1480000000 83905
1490000000 83784
1500000000 83666
1510000000 83547
1520000000 83425
1530000000 83306
1540000000 83186
1550000000 83066
1560000000 82943
1570000000 82825
1580000000 82705
1590000000 82583
1600000000 82462
1610000000 82341
1620000000 82220
1630000000 82096
1640000000 81975
1650000000 81852
1660000000 81731
1670000000 81607
1680000000 81486
1690000000 81362
1700000000 81240
1710000000 81117
1720000000 80993
1730000000 80871
1740000000 80747
1750000000 80622
1760000000 80499
1770000000 80374
1780000000 80250
1790000000 80125
1800000000 80000
1810000000 79874
1820000000 79748
1830000000 79624
1840000000 79498
1850000000 79372
1860000000 79247
1870000000 79118
1880000000 78992
1890000000 78866
1900000000 78737
1910000000 78612
1920000000 78484
1930000000 78359
1940000000 78231
1950000000 78103
1960000000 77975
1970000000 77845
1980000000 77718
1990000000 77589
2000000000 77460
2010000000 77330
2020000000 77200
2030000000 77071
2040000000 76942
2050000000 76812
2060000000 76680
2070000000 76550
2080000000 76417
2090000000 76288
2100000000 76157
2110000000 76027
2120000000 75892
2130000000 75763
2140000000 75631
2150000000 75499
2160000000 75365
2170000000 75229
2180000000 75098
2190000000 74966
2200000000 74832
2210000000 74700
2220000000 74565
2230000000 74432
2240000000 74295
2250000000 74162
2260000000 74026
2270000000 73891
2280000000 73756
2290000000 73620
2300000000 73484
2310000000 73346
2320000000 73212
2330000000 73075
2340000000 72938
2350000000 72800
2360000000 72662
2370000000 72526
2380000000 72386
2390000000 72247
2400000000 72111
2410000000 71972
2420000000 71833
2430000000 71694
2440000000 71552
2450000000 71415
2460000000 71270
2470000000 71133
2480000000 70992
2490000000 70851
2500000000 70710
2510000000 70568
2520000000 70426
2530000000 70285
2540000000 70141
2550000000 69999
2560000000 69855
2570000000 69714
2580000000 69570
2590000000 69426
2600000000 69281
2610000000 69138
2620000000 68993
2630000000 68848
2640000000 68701
2650000000 68556
2660000000 68410
2670000000 68263
2680000000 68118
2690000000 67969
2700000000 67823
2710000000 67676
2720000000 67528
2730000000 67379
2740000000 67230
2750000000 67082
2760000000 66933
2770000000 66782
2780000000 66632
2790000000 66482
2800000000 66333
2810000000 66180
2820000000 66029
2830000000 65877
2840000000 65725
2850000000 65573
2860000000 65421
2870000000 65268
2880000000 65115
2890000000 64961
2900000000 64805
2910000000 64652
2920000000 64496
2930000000 64342
2940000000 64185
2950000000 64029
2960000000 63874
2970000000 63717
2980000000 63559
2990000000 63403
3000000000 63244
3010000000 63085
3020000000 62927
3030000000 62768
3040000000 62609
3050000000 62449
3060000000 62289
3070000000 62127
3080000000 61967
3090000000 61805
3100000000 61643
3110000000 61480
3120000000 61317
3130000000 61155
3140000000 60990
3150000000 60827
3160000000 60662
3170000000 60496
3180000000 60332
3190000000 60165
3200000000 59999
3210000000 59831
3220000000 59664
3230000000 59497
3240000000 59328
3250000000 59159
3260000000 58990
3270000000 58821
3280000000 58650
3290000000 58480
3300000000 58309
3310000000 58137
3320000000 57965
3330000000 57790
3340000000 57618
3350000000 57445
3360000000 57270
3370000000 57096
3380000000 56920
3390000000 56744
3400000000 56568
3410000000 56390
3420000000 56212
3430000000 56031
3440000000 55856
3450000000 55676
3460000000 55495
3470000000 55316
3480000000 55135
3490000000 54953
3500000000 54771
3510000000 54588
3520000000 54405
3530000000 54221
3540000000 54036
3550000000 53850
3560000000 53665
3570000000 53477
3580000000 53291
3590000000 53103
3600000000 52914
3610000000 52725
3620000000 52534
3630000000 52342
3640000000 52153
3650000000 51961
3660000000 51768
3670000000 51572
3680000000 51380
3690000000 51184
3700000000 50988
3710000000 50792
3720000000 50595
3730000000 50396
3740000000 50199
3750000000 49999
3760000000 49798
3770000000 49595
3780000000 49395
3790000000 49192
3800000000 48989
3810000000 48784
3820000000 48579
3830000000 48371
3840000000 48163
3850000000 47955
3860000000 47748
3870000000 47538
3880000000 47326
3890000000 47116
3900000000 46903
3910000000 46689
3920000000 46475
3930000000 46259
3940000000 46042
3950000000 45824
3960000000 45605
3970000000 45385
3980000000 45165
3990000000 44940
4000000000 44720
4010000000 44495
4020000000 44271
4030000000 44044
4040000000 43816
4050000000 43587
4060000000 43358
4070000000 43127
4080000000 42893
4090000000 42660
4100000000 42424
4110000000 42189
4120000000 41951
4130000000 41711
4140000000 41472
4150000000 41230
4160000000 40987
4170000000 40742
4180000000 40496
4190000000 40248
4200000000 39999
4210000000 39748
4220000000 39496
4230000000 39242
4240000000 38986
4250000000 38728
4260000000 38468
4270000000 38209
4280000000 37946
4290000000 37682
4300000000 37415
4310000000 37147
4320000000 36877
4330000000 36605
4340000000 36330
4350000000 36051
4360000000 35776
4370000000 35495
4380000000 35209
4390000000 34927
4400000000 34638
4410000000 34350
4420000000 34056
4430000000 33762
4440000000 33465
4450000000 33165
4460000000 32862
4470000000 32556
4480000000 32247
4490000000 31936
4500000000 31621
4510000000 31303
4520000000 30982
4530000000 30658
4540000000 30330
4550000000 29998
4560000000 29663
4570000000 29324
4580000000 28981
4590000000 28631
4600000000 28282
4610000000 27927
4620000000 27566
4630000000 27201
4640000000 26830
4650000000 26456
4660000000 26074
4670000000 25687
4680000000 25295
4690000000 24897
4700000000 24492
4710000000 24080
4720000000 23661
4730000000 23235
4740000000 22800
4750000000 22357
4760000000 21906
4770000000 21444
4780000000 20973
4790000000 20490
4800000000 19996
4810000000 19490
4820000000 18970
4830000000 18435
4840000000 17885
4850000000 17317
4860000000 16722
4870000000 16114
4880000000 15482
4890000000 14822
4900000000 14132
4910000000 13406
4920000000 12625
4930000000 11807
4940000000 10930
4950000000 9975
4960000000 8919
4970000000 7720
4980000000 6297
4990000000 4422
4999950000 0
